355c355
<      0x5a1c0e0     62         0         0     0x5a1c0e6
---
>      0x5a1c0e0     62         0        -1     0x5a1c0e6
367c367
< 			            00 00 00 00 31 31 31 00 00 00 00 00 00 00 00 00 53 61 6C 20 
---
> 			            FF FF 00 00 31 31 31 00 00 00 00 00 00 00 00 00 53 61 6C 20 
471c471
<      0x5a1c0e0     62         0         0     0x5a1c0e6
---
>      0x5a1c0e0     62         0        -1     0x5a1c0e6
557c557
<      0x5a1c0e0     62         0         0     0x5a1c0e6
---
>      0x5a1c0e0     62         0        -1     0x5a1c0e6
643c643
<      0x5a1c0e0     62         0         0     0x5a1c0e6
---
>      0x5a1c0e0     62         0        -1     0x5a1c0e6
661c661
< 			            00 00 00 00 31 31 31 00 00 00 00 00 00 00 00 00 53 61 6C 20 
---
> 			            FF FF 00 00 31 31 31 00 00 00 00 00 00 00 00 00 53 61 6C 20 
668c668
< 			            00 00 00 00 32 32 32 00 00 00 00 00 00 00 00 00 42 61 72 62 
---
> 			            FF FF 00 00 32 32 32 00 00 00 00 00 00 00 00 00 42 61 72 62 
694c694
< 			            00 00 00 00 35 35 35 00 00 00 00 00 00 00 00 00 48 6F 6C 6C 
---
> 			            FF FF 00 00 35 35 35 00 00 00 00 00 00 00 00 00 48 6F 6C 6C 
701c701
< 			            00 00 01 00 53 42 42 30 30 31 00 00 00 00 00 00 01 00 00 00 
---
> 			            FF FF 01 00 53 42 42 30 30 31 00 00 00 00 00 00 01 00 00 00 
714c714
<      0x5a1c11e     62         0         0     0x5a1c124
---
>      0x5a1c11e     62         0        -1     0x5a1c124
741c741
<      0x5a1c0e0     62         0         0     0x5a1c0e6
---
>      0x5a1c0e0     62         0        -1     0x5a1c0e6
750c750
<      0x5a1c1fe     62         0         0     0x5a1c204
---
>      0x5a1c1fe     62         0        -1     0x5a1c204
794c794
<      0x5a1c23c     38         1         0     0x5a1c242
---
>      0x5a1c23c     38         1        -1     0x5a1c242
819c819
<      0x5a1c11e     62         0         0     0x5a1c124
---
>      0x5a1c11e     62         0        -1     0x5a1c124
846c846
<      0x5a1c0e0     62         0         0     0x5a1c0e6
---
>      0x5a1c0e0     62         0        -1     0x5a1c0e6
855c855
<      0x5a1c1fe     62         0         0     0x5a1c204
---
>      0x5a1c1fe     62         0        -1     0x5a1c204
899c899
<      0x5a1c23c     38         1         0     0x5a1c242
---
>      0x5a1c23c     38         1        -1     0x5a1c242
909c909
< 			            00 00 00 00 31 31 31 00 00 00 00 00 00 00 00 00 53 61 6C 20 
---
> 			            FF FF 00 00 31 31 31 00 00 00 00 00 00 00 00 00 53 61 6C 20 
916c916
< 			            00 00 00 00 32 32 32 00 00 00 00 00 00 00 00 00 42 61 72 62 
---
> 			            FF FF 00 00 32 32 32 00 00 00 00 00 00 00 00 00 42 61 72 62 
942c942
< 			            00 00 00 00 35 35 35 00 00 00 00 00 00 00 00 00 48 6F 6C 6C 
---
> 			            FF FF 00 00 35 35 35 00 00 00 00 00 00 00 00 00 48 6F 6C 6C 
949c949
< 			            00 00 01 00 53 42 42 30 30 31 00 00 00 00 00 00 01 00 00 00 
---
> 			            FF FF 01 00 53 42 42 30 30 31 00 00 00 00 00 00 01 00 00 00 
